2 0.269345 0.270833 0.0386905 0.0515873
4 0.638765 0.558036 0.0528274 0.0803571
0 0.594122 0.222222 0.243304 0.138889
4 0.327753 0.244048 0.0528274 0.0496032
1 0.638021 0.55754 0.0543155 0.0813492
2 0.386533 0.544643 0.0409226 0.0575397
2 0.762277 0.316964 0.131696 0.122024
2 0.21689 0.244048 0.0483631 0.0595238
2 0.638393 0.332341 0.09375 0.113095
2 0.527158 0.516865 0.063244 0.0833333
2 0.31808 0.503968 0.107887 0.123016
2 0.169643 0.483135 0.0654762 0.162698
2 0.396577 0.339782 0.0877976 0.106151
