2 0.258247 0.807292 0.186632 0.136719
2 0.312066 0.299805 0.113715 0.0970052
2 0.556858 0.903646 0.158854 0.109375
2 0.799479 0.491862 0.0625 0.0527344
2 0.580295 0.619466 0.24566 0.263672
3 0.474826 0.566081 0.78125 0.843099
2 0.384983 0.938477 0.203993 0.0904948
2 0.65842 0.402344 0.273438 0.213542
2 0.328559 0.28418 0.0737847 0.061849
2 0.376302 0.736328 0.0616319 0.0494792
2 0.239149 0.357096 0.0633681 0.0657552
2 0.433594 0.360352 0.103299 0.0852865
2 0.727431 0.81901 0.0538194 0.0546875
2 0.806424 0.671875 0.0520833 0.0690104
