2 0.40067 0.456845 0.0453869 0.046627
2 0.355655 0.237599 0.0744048 0.0704365
2 0.476562 0.615079 0.0438988 0.0555556
2 0.899182 0.454365 0.0528274 0.0734127
2 0.370536 0.559524 0.0372024 0.0515873
2 0.530506 0.361607 0.0997024 0.127976
2 0.708333 0.411706 0.190476 0.200397
2 0.165923 0.445437 0.046131 0.111111
2 0.748512 0.390873 0.104167 0.168651
3 0.578869 0.553571 0.75744 0.700397
2 0.662946 0.47123 0.077381 0.0853175
2 0.328869 0.710317 0.0416667 0.0456349
2 0.888765 0.43502 0.0766369 0.122024
2 0.41369 0.235119 0.200893 0.0992064
2 0.633185 0.260913 0.0580357 0.0654762
