2 0.355283 0.233135 0.0334821 0.0376984
2 0.363467 0.445933 0.140625 0.22123
2 0.560268 0.820437 0.0386905 0.0416667
2 0.866443 0.443948 0.0438988 0.0664683
2 0.589658 0.831349 0.103423 0.0714286
2 0.523065 0.182044 0.046131 0.0486111
2 0.523438 0.688988 0.110863 0.0843254
2 0.593378 0.244048 0.0424107 0.047619
2 0.417411 0.246528 0.0372024 0.0386905
0 0.38244 0.741567 0.046131 0.0704365
2 0.356399 0.506448 0.0982143 0.0724206
0 0.524926 0.484623 0.061756 0.078373
2 0.387277 0.240575 0.110863 0.0684524
2 0.344866 0.38244 0.0543155 0.0744048
