2 0.263021 0.38244 0.0543155 0.0744048
2 0.298363 0.423115 0.0535714 0.0525794
2 0.182664 0.318948 0.109375 0.12004
2 0.222842 0.349702 0.186756 0.189484
2 0.406994 0.354167 0.0520833 0.0654762
2 0.606399 0.324901 0.287202 0.215278
2 0.115327 0.460813 0.0357143 0.0505952
2 0.279018 0.395833 0.0877976 0.107143
2 0.369048 0.193452 0.0372024 0.0436508
2 0.094122 0.486607 0.0796131 0.112103
2 0.742188 0.600694 0.194196 0.141865
2 0.178199 0.644841 0.0394345 0.0595238
2 0.86756 0.431052 0.0625 0.0982143
