2 0.590774 0.854167 0.0952381 0.0833333
2 0.688616 0.33631 0.164435 0.142857
0 0.593378 0.854167 0.101935 0.0793651
0 0.475818 0.832341 0.0796131 0.0793651
2 0.555804 0.606647 0.123512 0.139881
2 0.388393 0.78373 0.0997024 0.077381
2 0.673735 0.637401 0.107887 0.151786
2 0.482515 0.470734 0.0662202 0.0724206
2 0.669271 0.363095 0.115327 0.0833333
2 0.615327 0.506944 0.0639881 0.103175
2 0.551711 0.365079 0.0796131 0.0912698
2 0.762277 0.531746 0.0647321 0.103175
2 0.429315 0.592758 0.0758929 0.139881
