0 0.198289 0.489583 0.104911 0.139881
0 0.818824 0.28869 0.0840774 0.0992064
2 0.315848 0.64881 0.0483631 0.0555556
4 0.521949 0.80754 0.0706845 0.0674603
0 0.348586 0.578373 0.0572917 0.0734127
4 0.590402 0.68502 0.0647321 0.0843254
4 0.313988 0.64881 0.0446429 0.0535714
1 0.360119 0.15873 0.0922619 0.0873016
2 0.43192 0.756944 0.0409226 0.047619
4 0.362723 0.16121 0.0959821 0.0902778
2 0.659598 0.855159 0.110863 0.0734127
4 0.465774 0.306052 0.244048 0.179563
2 0.348958 0.577877 0.0550595 0.0704365
2 0.529018 0.5625 0.0952381 0.125
2 0.589286 0.686012 0.0669643 0.0843254
