2 0.439236 0.697266 0.0416667 0.0390625
2 0.395833 0.751302 0.0763889 0.0572917
2 0.404514 0.880534 0.227431 0.0800781
2 0.595052 0.541341 0.0460069 0.0436198
2 0.406684 0.733398 0.101562 0.102214
2 0.772135 0.411133 0.0460069 0.046224
2 0.187934 0.344401 0.0407986 0.0494792
2 0.294705 0.326497 0.0581597 0.061849
2 0.400608 0.290365 0.0998264 0.0885417
2 0.135417 0.531901 0.0399306 0.0455729
2 0.28342 0.6875 0.0529514 0.0625
2 0.366753 0.299154 0.179688 0.111328
2 0.809028 0.748372 0.0555556 0.0605469
2 0.65842 0.257161 0.0911458 0.0742188
