2 0.575149 0.707341 0.0327381 0.0456349
2 0.475074 0.444444 0.0453869 0.0535714
3 0.56064 0.554067 0.75372 0.798611
2 0.385417 0.901786 0.046131 0.0515873
2 0.185268 0.358135 0.102679 0.121032
2 0.322917 0.557044 0.190476 0.189484
2 0.510045 0.873512 0.0558036 0.0525794
2 0.156994 0.332341 0.0431548 0.0595238
2 0.408854 0.343254 0.0483631 0.0535714
2 0.714286 0.679563 0.0401786 0.0515873
2 0.527158 0.292163 0.417411 0.25496
2 0.739211 0.352679 0.0766369 0.104167
2 0.569568 0.480655 0.0870536 0.124008
2 0.667039 0.759425 0.0736607 0.0863095
