2 0.425223 0.720238 0.241815 0.150794
2 0.521577 0.362599 0.275298 0.124008
2 0.634673 0.775794 0.0446429 0.0496032
2 0.201265 0.580853 0.104911 0.15377
2 0.624256 0.409722 0.441964 0.160714
2 0.270461 0.303075 0.12128 0.127976
2 0.360863 0.705853 0.123512 0.0962302
2 0.707589 0.243056 0.129464 0.0734127
2 0.862723 0.510913 0.0424107 0.0535714
2 0.501488 0.752976 0.078869 0.0833333
2 0.427083 0.161706 0.33631 0.107143
2 0.719866 0.757937 0.0706845 0.0535714
2 0.660342 0.621032 0.158482 0.220238
