2 0.665179 0.360119 0.047619 0.0555556
2 0.554315 0.52381 0.0654762 0.103175
2 0.782366 0.332837 0.124256 0.118056
2 0.790551 0.151786 0.0543155 0.0535714
2 0.492188 0.445437 0.0900298 0.0873016
2 0.643601 0.554563 0.221726 0.253968
2 0.346354 0.281746 0.0543155 0.0793651
2 0.783854 0.720238 0.0662202 0.0833333
2 0.47433 0.373512 0.046875 0.0525794
2 0.484747 0.706349 0.0736607 0.0992064
2 0.511905 0.18502 0.0491071 0.0565476
2 0.676711 0.238095 0.0587798 0.0714286
2 0.572545 0.352183 0.078125 0.0753968
2 0.471726 0.573909 0.111607 0.12996
2 0.429688 0.234623 0.0989583 0.112103
