2 0.374628 0.423115 0.0721726 0.0982143
2 0.78683 0.608631 0.0394345 0.0585317
2 0.386905 0.386905 0.11756 0.166667
4 0.421131 0.834325 0.03125 0.0376984
4 0.402902 0.615079 0.0959821 0.0972222
2 0.398065 0.614583 0.0982143 0.0982143
2 0.357887 0.354167 0.0520833 0.077381
2 0.795015 0.418155 0.0394345 0.0486111
2 0.715402 0.387897 0.0751488 0.0853175
2 0.370908 0.438988 0.0498512 0.0625
2 0.571801 0.133433 0.061756 0.046627
2 0.679315 0.171131 0.0595238 0.0525794
2 0.396577 0.309028 0.130952 0.21131
2 0.437128 0.133929 0.0528274 0.0436508
2 0.162946 0.676587 0.0431548 0.0595238
2 0.735119 0.572917 0.127976 0.116071
2 0.258557 0.220238 0.0528274 0.0634921
2 0.19122 0.360615 0.0431548 0.0625
2 0.892113 0.643353 0.0386905 0.0684524
2 0.787946 0.749008 0.0401786 0.0555556
2 0.604911 0.25 0.153274 0.0992064
2 0.839286 0.367063 0.119048 0.15873
2 0.776042 0.490079 0.0907738 0.0912698
2 0.65253 0.459821 0.0892857 0.110119
2 0.267113 0.71379 0.09375 0.0882936
2 0.210938 0.581349 0.063244 0.0912698
2 0.567708 0.416667 0.0699405 0.0992064
2 0.675595 0.681052 0.0758929 0.0922619
