4 0.683408 0.53869 0.0483631 0.0654762
2 0.803943 0.194444 0.0513393 0.0575397
2 0.835193 0.563492 0.0349702 0.0515873
2 0.22247 0.0709325 0.129464 0.0843254
2 0.171131 0.69246 0.0669643 0.174603
2 0.511161 0.0431548 0.174107 0.0744048
2 0.886161 0.640873 0.0669643 0.107143
2 0.188988 0.0877976 0.0505952 0.046627
2 0.179688 0.747024 0.0483631 0.0634921
2 0.167039 0.643353 0.0528274 0.0744048
2 0.881324 0.59375 0.0543155 0.0803571
2 0.638393 0.120536 0.0803571 0.078373
2 0.375 0.804067 0.0625 0.0585317
2 0.684896 0.537202 0.0498512 0.0684524
2 0.110119 0.486111 0.0491071 0.0892857
2 0.284598 0.181548 0.0513393 0.0674603
2 0.18564 0.320437 0.0438988 0.0555556
2 0.705357 0.382937 0.0565476 0.093254
2 0.684524 0.784722 0.0595238 0.0654762
2 0.879836 0.34871 0.0453869 0.0704365
2 0.557664 0.657242 0.0558036 0.0803571
2 0.604911 0.291171 0.0818452 0.0982143
2 0.438244 0.634425 0.125 0.147817
