2 0.497266 0.781944 0.111719 0.108333
2 0.580469 0.511806 0.470313 0.634722
0 0.639844 0.465972 0.1 0.1625
2 0.633594 0.198611 0.0984375 0.102778
2 0.585156 0.268056 0.160938 0.230556
0 0.661719 0.425 0.120312 0.177778
2 0.615625 0.525694 0.0671875 0.0875
2 0.409375 0.50625 0.110937 0.120833
2 0.442578 0.302778 0.0867188 0.127778
2 0.565625 0.359722 0.090625 0.111111
2 0.636719 0.651389 0.0890625 0.122222
3 0.536719 0.4875 0.582812 0.772222
2 0.6 0.202778 0.173438 0.133333
2 0.75 0.602083 0.107813 0.2375
