2 0.611003 0.551649 0.0761719 0.171007
2 0.445964 0.321181 0.0703125 0.152778
2 0.552083 0.248698 0.0585938 0.0928819
2 0.355143 0.586372 0.061849 0.0911458
2 0.405599 0.426649 0.0364583 0.0477431
2 0.456055 0.359375 0.078776 0.0868056
2 0.723633 0.492188 0.0748698 0.078125
2 0.356445 0.542969 0.0735677 0.19184
2 0.594076 0.167101 0.146484 0.0703125
2 0.625651 0.607205 0.0520833 0.0737847
2 0.789388 0.509983 0.0540365 0.0842014
2 0.517578 0.46441 0.0429688 0.0625
2 0.729167 0.25651 0.0390625 0.0460069
2 0.607747 0.519531 0.0644531 0.0859375
2 0.476562 0.775174 0.046875 0.0572917
2 0.754883 0.502604 0.132161 0.107639
2 0.849935 0.365017 0.0514323 0.0737847
2 0.867188 0.569444 0.0377604 0.0572917
