2 0.537574 0.428571 0.030506 0.0416667
2 0.407366 0.388393 0.0379464 0.046627
2 0.793899 0.47123 0.0327381 0.0396825
2 0.389509 0.740079 0.134673 0.117063
2 0.574777 0.56746 0.0483631 0.0515873
2 0.610491 0.552083 0.061756 0.0684524
2 0.451637 0.291171 0.0967262 0.104167
2 0.342262 0.392361 0.047619 0.0644841
2 0.50186 0.368552 0.0602679 0.0585317
2 0.488467 0.28621 0.18378 0.131944
2 0.858631 0.56746 0.0357143 0.047619
2 0.626488 0.752976 0.046131 0.0535714
2 0.88058 0.475694 0.0394345 0.0486111
2 0.763021 0.347718 0.0587798 0.0744048
2 0.617188 0.422619 0.125744 0.126984
2 0.384673 0.627976 0.203869 0.343254
