2 0.521949 0.578869 0.0677083 0.0684524
2 0.468378 0.719742 0.0959821 0.0823413
2 0.80878 0.279266 0.162202 0.141865
2 0.750744 0.308532 0.0997024 0.0853175
2 0.93378 0.38244 0.0550595 0.0744048
2 0.877976 0.294147 0.0669643 0.131944
2 0.340402 0.185516 0.0528274 0.0615079
2 0.794271 0.265377 0.0900298 0.106151
2 0.416295 0.519345 0.0766369 0.108135
2 0.721354 0.708333 0.40997 0.146825
2 0.479167 0.340774 0.239583 0.197421
2 0.232515 0.329365 0.0691964 0.125
2 0.712054 0.168651 0.0610119 0.047619
2 0.313988 0.562996 0.28125 0.243056
2 0.515253 0.202381 0.0721726 0.0634921
