2 0.231027 0.518849 0.0498512 0.0714286
2 0.63244 0.375496 0.0446429 0.0565476
2 0.780506 0.481647 0.0431548 0.0585317
2 0.882068 0.604167 0.109375 0.164683
2 0.284226 0.674107 0.114583 0.145833
2 0.532738 0.33631 0.0431548 0.0535714
2 0.44494 0.637401 0.135417 0.151786
2 0.170387 0.267857 0.122024 0.109127
2 0.301339 0.436012 0.0505952 0.0664683
2 0.16183 0.415179 0.0424107 0.0585317
2 0.690848 0.453869 0.0602679 0.0744048
2 0.58631 0.494048 0.0580357 0.0694444
2 0.338914 0.224206 0.0662202 0.0734127
