2 0.540179 0.488095 0.0386905 0.0515873
2 0.639137 0.779762 0.0357143 0.0396825
2 0.576265 0.187996 0.0394345 0.0486111
2 0.715774 0.267857 0.197917 0.267857
2 0.771577 0.631944 0.0386905 0.047619
2 0.691592 0.202877 0.146577 0.141865
2 0.680804 0.44246 0.0431548 0.0496032
2 0.359375 0.700893 0.0535714 0.0664683
2 0.355655 0.386409 0.0803571 0.0744048
2 0.453869 0.222718 0.172619 0.185516
2 0.579985 0.765377 0.0409226 0.046627
2 0.558036 0.314484 0.0892857 0.0694444
2 0.857143 0.231151 0.0535714 0.0753968
2 0.442708 0.670139 0.107143 0.12004
