4 0.306176 0.561012 0.0811012 0.12004
4 0.514881 0.467758 0.0431548 0.0525794
4 0.266369 0.707837 0.0357143 0.0545635
2 0.315476 0.886905 0.114583 0.0873016
4 0.27381 0.412202 0.107143 0.124008
4 0.68936 0.559524 0.0379464 0.0555556
2 0.272693 0.410218 0.106399 0.127976
2 0.31808 0.538194 0.0543155 0.0843254
2 0.666667 0.170635 0.0595238 0.0555556
2 0.514881 0.467758 0.0431548 0.0525794
0 0.46131 0.145833 0.16369 0.117063
2 0.793899 0.619544 0.0580357 0.0863095
2 0.580357 0.347718 0.0639881 0.0763889
