2 0.539497 0.30306 0.0668403 0.0813802
2 0.766927 0.482096 0.0529514 0.0605469
2 0.405816 0.343424 0.0581597 0.0501302
2 0.384549 0.451172 0.0572917 0.0598958
2 0.299045 0.424154 0.0963542 0.104818
2 0.425347 0.264648 0.0520833 0.0553385
2 0.326389 0.39974 0.0381944 0.0455729
2 0.592448 0.36556 0.0616319 0.061849
2 0.450955 0.556315 0.0390625 0.0436198
2 0.453559 0.642253 0.103299 0.0527344
2 0.569878 0.53418 0.0668403 0.0592448
2 0.711372 0.522461 0.164062 0.186849
2 0.723524 0.670573 0.122396 0.0924479
2 0.153646 0.591146 0.046875 0.0625
2 0.74349 0.304362 0.0564236 0.0566406
2 0.56467 0.329427 0.115451 0.139323
