2 0.44494 0.741071 0.174107 0.198413
2 0.611979 0.466766 0.0885417 0.179563
2 0.434524 0.558532 0.0505952 0.0813492
2 0.720982 0.356151 0.0639881 0.109127
2 0.542411 0.706845 0.0357143 0.046627
2 0.696801 0.493552 0.0647321 0.0605159
2 0.686756 0.62996 0.11756 0.144841
2 0.563988 0.454861 0.191964 0.203373
2 0.635045 0.779762 0.142113 0.132937
2 0.515997 0.177579 0.0751488 0.0575397
2 0.594866 0.241567 0.0543155 0.0763889
2 0.109747 0.604663 0.030506 0.0724206
2 0.457589 0.267361 0.046131 0.0565476
2 0.372024 0.236607 0.0491071 0.0585317
2 0.283854 0.593254 0.168899 0.19246
2 0.456101 0.55506 0.104167 0.094246
