2 0.465774 0.469742 0.291667 0.493056
2 0.740327 0.328869 0.0401786 0.046627
2 0.855283 0.511409 0.0438988 0.141865
2 0.875744 0.660714 0.0401786 0.0575397
2 0.567708 0.753968 0.0327381 0.0396825
2 0.624256 0.311012 0.046131 0.0525794
2 0.357143 0.633433 0.202381 0.209325
2 0.463542 0.362599 0.197917 0.266865
2 0.635789 0.518849 0.0647321 0.128968
2 0.312128 0.447421 0.046875 0.0714286
2 0.59933 0.650794 0.0736607 0.107143
2 0.491071 0.777282 0.0565476 0.0684524
2 0.766741 0.615575 0.180804 0.252976
2 0.818824 0.294643 0.0647321 0.0833333
2 0.68192 0.382937 0.0885417 0.0992064
