2 0.893973 0.397817 0.0528274 0.111111
2 0.649554 0.512897 0.0357143 0.0456349
2 0.856771 0.501984 0.0438988 0.0853175
2 0.783482 0.260913 0.0580357 0.0615079
2 0.686384 0.249504 0.0379464 0.0446429
2 0.585938 0.844742 0.122768 0.0684524
2 0.881324 0.438492 0.0721726 0.186508
2 0.389137 0.774802 0.0491071 0.0575397
2 0.410714 0.323413 0.0729167 0.0833333
2 0.797619 0.5625 0.0565476 0.0813492
2 0.791295 0.43998 0.0498512 0.0763889
2 0.797247 0.743552 0.110863 0.094246
2 0.894345 0.606647 0.0565476 0.0863095
2 0.603795 0.220238 0.0721726 0.0833333
2 0.408854 0.489087 0.0959821 0.0853175
2 0.649926 0.692956 0.0691964 0.0982143
2 0.559152 0.505456 0.0900298 0.0962302
2 0.539807 0.679563 0.0974702 0.152778
